Renda,Idade,Empréstimo,Empréstimo para renda,Padrão
25075.87277,39.77637806,1409.230371,0.056198657,0
64131.41537,25.67957535,4351.028971,0.067845516,0
59436.84712,60.47193585,9254.244538,0.155698779,0
61050.34608,26.35504385,5893.264659,0.096531224,0
27267.99546,61.57677582,4759.787581,0.17455583,0
63061.96017,39.20155289,1850.369377,0.029342085,0
50501.72669,28.21836132,3977.287432,0.078755474,0
43548.65471,39.57453035,3935.544453,0.090371206,0
43378.17519,60.84831794,3277.737553,0.075561905,0
20542.36507,61.69057071,3157.44229,0.153703932,0
58887.35755,26.07609302,4965.516066,0.084322277,0
23000.784,31.76135417,1148.118057,0.049916475,0
32197.6207,52.42327992,4244.057136,0.131812756,0
23329.31941,48.57697453,222.6222987,0.009542597,0
27845.80089,51.9706241,4959.921226,0.178120976,0
65301.98403,48.84092177,5465.267886,0.083692218,0
47451.63012,27.03174131,5361.282716,0.112984163,0
63287.03891,36.49697551,9595.286289,0.151615346,0
45727.45987,55.83992185,6376.822949,0.139452814,0
